0 503414 22.9363
0 169882 32.8077
0 104970 25.372
0 86234.2 29.6395
0 83949.4 29.9966
0 81074 25.1908
0 79263.5 25.6382
0 72956 23.7701
0 72808.1 25.7827
0 72808.1 25.7827
0 70350.7 24.8802
0 69681.2 41.5804
0 69380.5 36.4012
0 69006.5 25.2657
0 68314.2 42.2503
0 66711.8 37.1905
0 66318.5 24.4052
0 65156.6 25.8065
0 62481.7 30.9013
0 62481.7 30.9013
0.01 503414 22.9363
0.01 169882 32.8077
0.01 104970 25.372
0.01 86234.2 29.6395
0.01 83949.4 29.9966
0.01 81074 25.1908
0.01 79263.5 25.6382
0.01 74013 25.7777
0.01 74013 25.7777
0.01 72956 23.7701
0.01 70350.7 24.8802
0.01 69820.5 41.5523
0.01 69380.5 36.4012
0.01 69006.5 25.2657
0.01 68447.9 42.2221
0.01 66711.8 37.1905
0.01 66318.5 24.4052
0.01 65156.6 25.8065
0.01 62682.4 30.8781
0.01 62682.4 30.8781
0.02 503414 22.9363
0.02 169882 32.8077
0.02 104970 25.372
0.02 86234.2 29.6395
0.02 83949.4 29.9966
0.02 81074 25.1908
0.02 79263.5 25.6382
0.02 75190.8 25.773
0.02 75190.8 25.773
0.02 72956 23.7701
0.02 70350.7 24.8802
0.02 69959.9 41.5242
0.02 69380.5 36.4012
0.02 69006.5 25.2657
0.02 68581.8 42.1939
0.02 66711.8 37.1905
0.02 66318.5 24.4052
0.02 65156.6 25.8065
0.02 62883.3 30.8549
0.02 62883.3 30.8549
0.03 503414 22.9363
0.03 169882 32.8077
0.03 104970 25.372
0.03 86234.2 29.6395
0.03 83949.4 29.9966
0.03 81074 25.1908
0.03 79263.5 25.6382
0.03 76341.6 25.7687
0.03 76341.6 25.7687
0.03 72956 23.7701
0.03 70350.7 24.8802
0.03 70099.6 41.4962
0.03 69380.5 36.4012
0.03 69006.5 25.2657
0.03 68715.9 42.1658
0.03 66711.8 37.1905
0.03 66318.5 24.4052
0.03 65156.6 25.8065
0.03 63084.4 30.8319
0.03 63084.4 30.8319
0.04 503414 22.9363
0.04 271972 25.1684
0.04 169882 32.8077
0.04 104970 25.372
0.04 86234.2 29.6395
0.04 83949.4 29.9966
0.04 81074 25.1908
0.04 79263.5 25.6382
0.04 77465.7 25.7648
0.04 77465.7 25.7648
0.04 72956 23.7701
0.04 70350.7 24.8802
0.04 70239.4 41.4683
0.04 69380.5 36.4012
0.04 69088.6 38.1907
0.04 69006.5 25.2657
0.04 68850.1 42.1377
0.04 66711.8 37.1905
0.04 66318.5 24.4052
0.04 65156.6 25.8065
0.05 503414 22.9363
0.05 271972 25.1684
0.05 169882 32.8077
0.05 161351 33.5148
0.05 104970 25.372
0.05 86234.2 29.6395
0.05 83949.4 29.9966
0.05 81074 25.1908
0.05 79263.5 25.6382
0.05 78563.5 25.7612
0.05 78563.5 25.7612
0.05 72956 23.7701
0.05 70379.4 41.4404
0.05 70350.7 24.8802
0.05 69380.5 36.4012
0.05 69088.6 38.1907
0.05 69006.5 25.2657
0.05 68984.6 42.1096
0.05 66711.8 37.1905
0.05 66318.5 24.4052
0.06 503414 22.9363
0.06 271972 25.1684
0.06 169882 32.8077
0.06 161351 33.5148
0.06 104970 25.372
0.06 86234.2 29.6395
0.06 83949.4 29.9966
0.06 81074 25.1908
0.06 79635.4 25.7579
0.06 79635.4 25.7579
0.06 79263.5 25.6382
0.06 72956 23.7701
0.06 70519.6 41.4125
0.06 70350.7 24.8802
0.06 69380.5 36.4012
0.06 69119.2 42.0817
0.06 69088.6 38.1907
0.06 69006.5 25.2657
0.06 66711.8 37.1905
0.06 66318.5 24.4052
0.07 503414 22.9363
0.07 271972 25.1684
0.07 169882 32.8077
0.07 161351 33.5148
0.07 104970 25.372
0.07 86234.2 29.6395
0.07 83949.4 29.9966
0.07 81074 25.1908
0.07 80682 25.7549
0.07 80682 25.7549
0.07 79263.5 25.6382
0.07 72956 23.7701
0.07 70660 41.3847
0.07 70350.7 24.8802
0.07 69380.5 36.4012
0.07 69254 42.0537
0.07 69088.6 38.1907
0.07 69006.5 25.2657
0.07 66711.8 37.1905
0.07 66318.5 24.4052
0.08 503414 22.9363
0.08 271972 25.1684
0.08 169882 32.8077
0.08 161351 33.5148
0.08 104970 25.372
0.08 86234.2 29.6395
0.08 83949.4 29.9966
0.08 81703.4 25.7522
0.08 81703.4 25.7522
0.08 81074 25.1908
0.08 79263.5 25.6382
0.08 72956 23.7701
0.08 70800.6 41.357
0.08 70350.7 24.8802
0.08 69389 42.0258
0.08 69380.5 36.4012
0.08 69088.6 38.1907
0.08 69006.5 25.2657
0.08 66711.8 37.1905
0.08 66318.5 24.4052
0.09 503414 22.9363
0.09 271972 25.1684
0.09 169882 32.8077
0.09 161351 33.5148
0.09 104970 25.372
0.09 86234.2 29.6395
0.09 83949.4 29.9966
0.09 82700.5 25.7498
0.09 82700.5 25.7498
0.09 81074 25.1908
0.09 79263.5 25.6382
0.09 72956 23.7701
0.09 70941.4 41.3293
0.09 70350.7 24.8802
0.09 69524.2 41.998
0.09 69380.5 36.4012
0.09 69088.6 38.1907
0.09 69006.5 25.2657
0.09 66711.8 37.1905
0.09 66318.5 24.4052
0.1 503414 22.9363
0.1 271972 25.1684
0.1 169882 32.8077
0.1 161351 33.5148
0.1 104970 25.372
0.1 86234.2 29.6395
0.1 83949.4 29.9966
0.1 83673.7 25.7476
0.1 83673.7 25.7476
0.1 81074 25.1908
0.1 79263.5 25.6382
0.1 72956 23.7701
0.1 71082.4 41.3016
0.1 70350.7 24.8802
0.1 69659.5 41.9702
0.1 69380.5 36.4012
0.1 69088.6 38.1907
0.1 69006.5 25.2657
0.1 66711.8 37.1905
0.1 66318.5 24.4052
